[[0, 0, 0], [1, 2, 2], [2, 4, 12]]
Case #1: 12
[[0, 0, 0, 2, 8]]
Case #2: 8
[[0, 0, 0], [1, 2, 2], [2, 4, 12], [6, 18, 78], [24, 96, 540]]
Case #3: 540
[[0, 0, 0, 2, 8], [1, 2, 2, 6, 38], [2, 4, 12, 36, 224]]
Case #4: 224
[[0, 0, 0, 2, 8, 32, 192, 1152, 9216, 73728, 737280], [1, 2, 2, 6, 38, 166, 1318, 8230, 81958, 671782, 8044582], [2, 4, 12, 36, 224, 1112, 10132, 69644, 794952, 6964160, 94374140], [6, 18, 78, 306, 1814, 9890, 90462, 689250, 8427366, 80995378, 1186727534], [24, 96, 540, 2772, 18344, 112936, 994516, 8113564, 99873184, 1047455760, 12057098352], [120, 600, 4080, 25944, 203096, 1467224, 13303216, 115197464, 1374972792, 9254509998, 120843533188], [720, 4320, 34080, 256368, 2350592, 19972448, 199653984, 889108681, 11334434387, 74042685830, 1208691443752], [5040, 35280, 315120, 2718576, 28432400, 278916592, 2150340041, 5387032268, 91384700713, 593034387158, 12087155118569], [40320, 322560, 3210720, 31122912, 362712896, 2017369522, 13040996310, 32650163360, 731278910757, 4744506342370, 120871601658958], [362880, 3265920, 35814720, 384578304, 1912056299, 8277984660, 78747839282, 196631528742, 5850915032351, 37956285661513, 1208716585151955], [3628800, 36288000, 434509440, 1114250980, 7790734919, 34019287291, 472679906222, 1180588201590, 46808202192073, 303650303936260, 12087165869626629]]
Case #5: 785016474
